0 0.6 0.21796875 0.1265625 0.2734375
0 0.490625 0.403125 0.2203125 0.1515625
0 0.66171875 0.45234375 0.1640625 0.2546875
0 0.3234375 0.4921875 0.1578125 0.0640625
0 0.1703125 0.3703125 0.171875 0.271875
0 0.07734375 0.06953125 0.075 0.06875
0 0.2015625 0.55625 0.134375 0.1015625
0 0.15625 0.7015625 0.05 0.2296875
0 0.521875 0.6421875 0.0796875 0.0625
0 0.79921875 0.44765625 0.0828125 0.2421875
0 0.8375 0.07578125 0.059375 0.146875
0 0.853125 0.225 0.08125 0.0984375
0 0.37890625 0.61171875 0.159375 0.065625
0 0.1171875 0.15234375 0.0421875 0.1390625
0 0.78125 0.00625 0.03125 0.0125