0 0.28359375 0.59140625 0.13125 0.790625
0 0.80546875 0.42578125 0.0171875 0.0671875
0 0.74296875 0.83125 0.0234375 0.1109375
0 0.78984375 0.509375 0.025 0.0921875
0 0.771875 0.58125 0.015625 0.084375
0 0.68359375 0.61953125 0.1125 0.0640625
0 0.809375 0.6875 0.1203125 0.053125
0 0.75859375 0.7328125 0.0171875 0.11875
0 0.7328125 0.946875 0.03125 0.10625
0 0.7 0.81875 0.0796875 0.06875
0 0.5453125 0.6953125 0.2171875 0.1640625
0 0.35546875 0.9703125 0.096875 0.0484375
0 0.91953125 0.7171875 0.134375 0.0546875
0 0.971875 0.5375 0.009375 0.046875
0 0.82890625 0.37890625 0.0203125 0.1375
0 0.88203125 0.33046875 0.0578125 0.0453125
0 0.57421875 0.30546875 0.0234375 0.140625
0 0.6109375 0.4265625 0.0796875 0.0703125