0 0.28125 0.43125 0.153125 0.15
0 0.59609375 0.19609375 0.06640625 0.096875
0 0.5375 0.3484375 0.06484375 0.19140625
0 0.28359375 0.6375 0.053125 0.1734375
0 0.40859375 0.653125 0.121875 0.10703125
0 0.20390625 0.7640625 0.08828125 0.06953125
0 0.903125 0.7015625 0.0703125 0.11484375
0 0.61015625 0.26484375 0.03671875 0.03671875
0 0.2484375 0.325 0.03359375 0.0375
0 0.47265625 0.20703125 0.0734375 0.10390625
0 0.58046875 0.31484375 0.00625 0.02734375
0 0.50859375 0.4765625 0.015625 0.03828125
0 0.33203125 0.7078125 0.03828125 0.02578125
0 0.23828125 0.7171875 0.0296875 0.1234375
0 0.359375 0.58828125 0.01171875 0.0203125
0 0.49296875 0.5171875 0.00859375 0.02109375
0 0.4546875 0.56640625 0.02890625 0.0328125
0 0.36015625 0.5359375 0.01328125 0.04921875
0 0.26953125 0.25703125 0.04140625 0.01015625
0 0.7546875 0.5203125 0.01796875 0.01875