0 0.63125 0.48203125 0.165625 0.10625
0 0.48984375 0.628125 0.2421875 0.1453125
0 0.3203125 0.625 0.1453125 0.1234375
0 0.221875 0.70390625 0.115625 0.1875
0 0.73984375 0.05390625 0.0578125 0.1078125
0 0.7671875 0.41484375 0.1046875 0.071875
0 0.759375 0.53515625 0.065625 0.025
0 0.52890625 0.53046875 0.0671875 0.0578125
0 0.48125 0.69140625 0.0703125 0.046875
0 0.31953125 0.759375 0.0453125 0.0390625
0 0.271875 0.78046875 0.03125 0.01875
0 0.0890625 0.8015625 0.05 0.0234375
0 0.7890625 0.28203125 0.053125 0.1671875
0 0.8078125 0.48671875 0.0375 0.1125