0 0.1484375 0.634375 0.29609375 0.07109375
0 0.22265625 0.796875 0.4453125 0.090625
0 0.39609375 0.83359375 0.35 0.0484375
0 0.203125 0.38359375 0.40625 0.0578125
0 0.69140625 0.39453125 0.6171875 0.0625
0 0.19765625 0.22109375 0.1578125 0.03203125
0 0.428125 0.7046875 0.2671875 0.04375
0 0.24609375 0.67890625 0.15 0.03671875
0 0.28203125 0.175 0.18046875 0.0671875
0 0.75390625 0.678125 0.13046875 0.03046875
0 0.33203125 0.62265625 0.084375 0.0296875
0 0.77265625 0.12421875 0.12890625 0.02421875
0 0.41328125 0.30625 0.2671875 0.07109375
0 0.1140625 0.27890625 0.17265625 0.0375
0 0.84765625 0.6015625 0.1078125 0.0296875
0 0.61875 0.69921875 0.1265625 0.03203125
0 0.4859375 0.76171875 0.1484375 0.04140625
0 0.08671875 0.89921875 0.1734375 0.0234375
0 0.24609375 0.47578125 0.125 0.13203125
0 0.35859375 0.4734375 0.09375 0.025
0 0.51640625 0.4984375 0.128125 0.034375
0 0.2828125 0.57109375 0.13046875 0.05390625
0 0.4671875 0.615625 0.15390625 0.0484375
0 0.73046875 0.60390625 0.1171875 0.02265625
0 0.6234375 0.63046875 0.1515625 0.065625
0 0.91640625 0.31328125 0.1625 0.02890625
0 0.77890625 0.5046875 0.03828125 0.071875
0 0.04765625 0.5421875 0.0734375 0.0828125
0 0.07734375 0.4609375 0.146875 0.03125
0 0.39140625 0.51796875 0.06484375 0.0375
0 0.6578125 0.55078125 0.1890625 0.03515625
0 0.95 0.6078125 0.1 0.02421875
0 0.771875 0.26640625 0.06953125 0.03203125
0 0.92578125 0.51015625 0.1484375 0.01796875
0 0.65546875 0.8046875 0.11171875 0.0265625
0 0.20078125 0.90703125 0.02734375 0.09609375
0 0.50625 0.90390625 0.07265625 0.03046875
0 0.525 0.79765625 0.07734375 0.02109375
0 0.31953125 0.74375 0.02421875 0.0375
0 0.04609375 0.678125 0.0921875 0.0234375
0 0.39140625 0.56796875 0.06015625 0.0515625
0 0.51953125 0.10703125 0.184375 0.0625
0 0.27109375 0.1296875 0.02265625 0.0484375
0 0.46484375 0.175 0.1390625 0.03359375
0 0.30078125 0.2625 0.07890625 0.0203125
0 0.67890625 0.20390625 0.2046875 0.040625
0 0.571875 0.2390625 0.02421875 0.06484375
0 0.659375 0.134375 0.07578125 0.01875
0 0.86796875 0.1140625 0.04765625 0.02421875
0 0.1546875 0.10703125 0.04140625 0.025
0 0.39921875 0.209375 0.025 0.03515625
0 0.6625 0.3296875 0.0390625 0.02421875
0 0.51328125 0.52890625 0.10078125 0.0109375