0 0.3 0.41953125 0.09296875 0.128125
0 0.3984375 0.534375 0.1265625 0.12578125
0 0.5484375 0.6375 0.1984375 0.171875
0 0.79921875 0.67734375 0.140625 0.07265625
0 0.8734375 0.6171875 0.04765625 0.03046875
0 0.55859375 0.4171875 0.03828125 0.08125
0 0.5375 0.428125 0.0328125 0.05390625
0 0.11328125 0.428125 0.225 0.03828125
0 0.21484375 0.43359375 0.096875 0.0234375
0 0.40390625 0.44296875 0.0484375 0.06796875
0 0.1390625 0.6453125 0.08046875 0.075
0 0.81328125 0.77734375 0.06953125 0.01484375
0 0.89296875 0.815625 0.05 0.0625
0 0.4375 0.66875 0.0171875 0.03984375
0 0.92734375 0.8546875 0.1453125 0.028125
0 0.759375 0.80859375 0.1734375 0.11953125