0 0.46171875 0.434375 0.07734375 0.19140625
0 0.59140625 0.259375 0.37890625 0.06015625
0 0.30625 0.30859375 0.30546875 0.040625
0 0.16484375 0.603125 0.02578125 0.17109375
0 0.44140625 0.73125 0.034375 0.13671875
0 0.43203125 0.60390625 0.02890625 0.10078125
0 0.609375 0.675 0.12734375 0.02265625
0 0.11796875 0.2375 0.0234375 0.03046875
0 0.10625 0.63984375 0.0609375 0.04609375
0 0.01953125 0.61171875 0.0390625 0.0328125
0 0.6703125 0.57265625 0.034375 0.1375
0 0.88515625 0.63671875 0.2265625 0.06875