0 0.41015625 0.2703125 0.1796875 0.3453125
0 0.56484375 0.72734375 0.0515625 0.0765625
0 0.1578125 0.27421875 0.059375 0.075
0 0.52734375 0.64140625 0.053125 0.1015625
0 0.48671875 0.534375 0.06875 0.1296875
0 0.48046875 0.60625 0.0125 0.0359375
0 0.3640625 0.6203125 0.028125 0.0375
0 0.54296875 0.66640625 0.0328125 0.04375
0 0.38515625 0.3890625 0.025 0.0921875
0 0.66328125 0.4671875 0.0390625 0.1171875
0 0.7609375 0.23984375 0.0234375 0.0328125
0 0.746875 0.21328125 0.028125 0.0453125
0 0.69296875 0.146875 0.0171875 0.04375
0 0.81796875 0.2828125 0.01875 0.0328125
0 0.2015625 0.2015625 0.08125 0.121875
0 0.153125 0.11171875 0.046875 0.04375
0 0.16875 0.1453125 0.0515625 0.053125
0 0.20625 0.51171875 0.0125 0.0328125
0 0.2015625 0.4375 0.0296875 0.1015625
0 0.0171875 0.4796875 0.0125 0.0328125
0 0.23671875 0.6890625 0.046875 0.0359375