0 0.34296875 0.390625 0.6734375 0.1328125
0 0.82421875 0.403125 0.3515625 0.146875
0 0.8171875 0.48125 0.365625 0.1
0 0.93203125 0.61171875 0.1296875 0.2046875
0 0.3734375 0.659375 0.746875 0.196875
0 0.93984375 0.13515625 0.1203125 0.1046875
0 0.840625 0.265625 0.31875 0.0625
0 0.6140625 0.2484375 0.10625 0.053125
0 0.51015625 0.19296875 0.2390625 0.1265625
0 0.25859375 0.2703125 0.2453125 0.0984375
0 0.43125 0.0625 0.165625 0.084375
0 0.903125 0.04453125 0.04375 0.025
0 0.78125 0.09375 0.0765625 0.025
0 0.171875 0.01796875 0.2625 0.0359375
0 0.634375 0.090625 0.1171875 0.0296875
0 0.04375 0.20625 0.04375 0.053125
0 0.4703125 0.34140625 0.0484375 0.053125
0 0.19296875 0.46875 0.125 0.125
0 0.2640625 0.5125 0.078125 0.096875
0 0.325 0.55390625 0.1 0.0609375
0 0.14375 0.54765625 0.1515625 0.065625
0 0.015625 0.4421875 0.0265625 0.0234375
0 0.8484375 0.56328125 0.08125 0.040625
0 0.8140625 0.52734375 0.01875 0.03125
0 0.83828125 0.715625 0.090625 0.0421875
0 0.79609375 0.7625 0.20625 0.05625
0 0.62109375 0.7875 0.1515625 0.065625
0 0.93828125 0.74921875 0.0859375 0.04375
0 0.8875 0.8640625 0.1125 0.021875
0 0.78828125 0.87734375 0.2671875 0.0484375
0 0.43203125 0.8359375 0.26875 0.0546875
0 0.6015625 0.86328125 0.1171875 0.028125
0 0.5046875 0.9015625 0.025 0.0578125
0 0.67109375 0.93515625 0.1875 0.040625
0 0.91640625 0.959375 0.0921875 0.025
0 0.61328125 0.96640625 0.196875 0.0546875
0 0.47578125 0.978125 0.03125 0.034375
0 0.29140625 0.9625 0.196875 0.059375
0 0.77265625 0.8984375 0.0953125 0.0265625
0 0.3390625 0.909375 0.1453125 0.0359375
0 0.10625 0.86875 0.2125 0.034375
0 0.13671875 0.81875 0.1 0.0546875
0 0.196875 0.853125 0.1078125 0.0203125
0 0.0484375 0.8203125 0.096875 0.03125
0 0.0203125 0.7640625 0.040625 0.01875
0 0.08203125 0.71953125 0.053125 0.0546875
0 0.13515625 0.77890625 0.08125 0.028125
0 0.3234375 0.74296875 0.0296875 0.0546875
0 0.43984375 0.790625 0.0734375 0.05625