0 0.48125 0.38671875 0.09375 0.15078125
0 0.61328125 0.52421875 0.12890625 0.2203125
0 0.6046875 0.68203125 0.1109375 0.13046875
0 0.675 0.7765625 0.171875 0.103125
0 0.0671875 0.271875 0.134375 0.05
0 0.4234375 0.25859375 0.0640625 0.09609375
0 0.5359375 0.2703125 0.021875 0.0609375
0 0.5234375 0.484375 0.0515625 0.0625
0 0.671875 0.53515625 0.04140625 0.06484375
0 0.73046875 0.6875 0.0359375 0.040625
0 0.7484375 0.73203125 0.01640625 0.028125
0 0.76171875 0.903125 0.01953125 0.04765625
0 0.30078125 0.23359375 0.1546875 0.04296875
0 0.4921875 0.2234375 0.10390625 0.03203125