0 0.75859375 0.58125 0.2140625 0.18125
0 0.88203125 0.59921875 0.0984375 0.103125
0 0.47890625 0.44609375 0.2953125 0.1203125
0 0.05859375 0.2421875 0.0578125 0.04375
0 0.084375 0.27265625 0.034375 0.015625
0 0.56640625 0.4671875 0.140625 0.096875
0 0.5140625 0.30546875 0.0640625 0.08125
0 0.6828125 0.40390625 0.1 0.0875
0 0.7484375 0.33671875 0.028125 0.03125
0 0.93671875 0.5765625 0.046875 0.0203125
0 0.96484375 0.55078125 0.0703125 0.0453125
0 0.6640625 0.88046875 0.228125 0.2390625
0 0.80703125 0.79453125 0.084375 0.14375