0 0.49375 0.3890625 0.15390625 0.10390625
0 0.2765625 0.4234375 0.28125 0.04375
0 0.4796875 0.58203125 0.16796875 0.26640625
0 0.5953125 0.78984375 0.109375 0.12734375
0 0.5234375 0.77890625 0.03125 0.05234375
0 0.47265625 0.803125 0.0171875 0.02421875
0 0.18515625 0.91015625 0.2984375 0.1296875
0 0.12890625 0.71015625 0.0625 0.26328125
0 0.09765625 0.57109375 0.04296875 0.1125
0 0.58984375 0.9109375 0.0328125 0.06015625
0 0.20078125 0.184375 0.15703125 0.07265625
0 0.36875 0.89609375 0.11484375 0.0546875
0 0.4390625 0.928125 0.04375 0.0171875
0 0.35625 0.94765625 0.0875 0.021875
0 0.5125 0.8171875 0.10078125 0.01328125