0 0.025 0.4109375 0.0484375 0.06875
0 0.23515625 0.41640625 0.2234375 0.05625
0 0.5015625 0.4734375 0.2671875 0.1296875
0 0.7453125 0.25546875 0.028125 0.009375
0 0.63203125 0.6609375 0.08125 0.0171875
0 0.6609375 0.790625 0.065625 0.0359375
0 0.5953125 0.78984375 0.025 0.01875
0 0.6046875 0.8765625 0.021875 0.1390625
0 0.571875 0.9578125 0.0453125 0.040625
0 0.6203125 0.72421875 0.0265625 0.0828125
0 0.62734375 0.96015625 0.046875 0.021875
0 0.58046875 0.74765625 0.0140625 0.046875
0 0.62421875 0.78125 0.0125 0.040625
0 0.08671875 0.36640625 0.0453125 0.053125
0 0.65859375 0.4171875 0.03125 0.0109375
0 0.740625 0.43515625 0.0640625 0.0234375
0 0.7625 0.453125 0.034375 0.0125
0 0.76328125 0.41875 0.08125 0.0265625
0 0.83359375 0.41953125 0.028125 0.00625
0 0.815625 0.4296875 0.0125 0.00625
0 0.859375 0.36015625 0.0125 0.021875
0 0.7265625 0.7296875 0.01875 0.04375
0 0.71953125 0.7890625 0.00625 0.015625