0 0.871875 0.6546875 0.2109375 0.1078125
0 0.59375 0.57265625 0.403125 0.1515625
0 0.31015625 0.59375 0.23125 0.121875
0 0.61640625 0.2671875 0.2203125 0.1828125
0 0.50234375 0.33515625 0.0625 0.0421875
0 0.90625 0.10234375 0.0859375 0.046875
0 0.721875 0.1125 0.10625 0.0609375
0 0.8484375 0.08515625 0.046875 0.0375
0 0.76953125 0.71796875 0.0296875 0.0265625
0 0.6671875 0.72109375 0.06875 0.0265625
0 0.95 0.90546875 0.08125 0.0453125
0 0.18046875 0.5875 0.0734375 0.065625
0 0.434375 0.32265625 0.0546875 0.121875
0 0.45234375 0.20859375 0.01875 0.0421875
0 0.625 0.4390625 0.0765625 0.1078125
0 0.55390625 0.06640625 0.1046875 0.1328125
0 0.45625 0.396875 0.03125 0.0515625
0 0.80859375 0.94375 0.059375 0.04375
0 0.85625 0.796875 0.04375 0.04375
0 0.9234375 0.4046875 0.0390625 0.021875
0 0.8453125 0.41015625 0.071875 0.0515625
0 0.82265625 0.234375 0.0625 0.0265625