0 0.72578125 0.459375 0.178125 0.175
0 0.43828125 0.1734375 0.08125 0.109375
0 0.4765625 0.3375 0.09375 0.2046875
0 0.69375 0.6703125 0.0796875 0.184375
0 0.5640625 0.6671875 0.1390625 0.1265625
0 0.75703125 0.8109375 0.1 0.084375
0 0.0515625 0.64609375 0.0875 0.128125
0 0.4140625 0.24140625 0.0421875 0.0421875
0 0.775 0.35546875 0.0390625 0.04375
0 0.5625 0.20234375 0.0890625 0.115625
0 0.43671875 0.296875 0.009375 0.028125
0 0.4875 0.471875 0.0203125 0.040625
0 0.63515625 0.73515625 0.0421875 0.03125
0 0.72890625 0.75703125 0.0484375 0.13125
0 0.6234375 0.6078125 0.015625 0.0234375
0 0.49765625 0.51640625 0.0125 0.0234375
0 0.5296875 0.571875 0.034375 0.0375
0 0.63046875 0.5546875 0.0203125 0.0515625
0 0.76328125 0.2828125 0.0453125 0.0171875
0 0.2296875 0.48203125 0.021875 0.021875