0 0.3078125 0.384375 0.0890625 0.7640625
0 0.81328125 0.5671875 0.0140625 0.065625
0 0.7734375 0.1640625 0.0171875 0.1078125
0 0.80234375 0.48359375 0.0203125 0.0890625
0 0.78828125 0.41328125 0.0109375 0.0828125
0 0.703125 0.36953125 0.1109375 0.0578125
0 0.83125 0.309375 0.115625 0.0453125
0 0.78359375 0.2625 0.0109375 0.11875
0 0.76875 0.05 0.025 0.1
0 0.7296875 0.17421875 0.075 0.0640625
0 0.5703125 0.2875 0.209375 0.153125
0 0.39765625 0.01484375 0.090625 0.0265625
0 0.9359375 0.28515625 0.1203125 0.0453125
0 0.98359375 0.465625 0.0078125 0.0453125
0 0.834375 0.61484375 0.0140625 0.1375
0 0.88515625 0.66484375 0.053125 0.04375
0 0.5796875 0.6734375 0.0171875 0.1375
0 0.62109375 0.55625 0.075 0.0671875