0 0.20546875 0.6296875 0.2609375 0.1140625
0 0.36796875 0.5 0.1390625 0.209375
0 0.4375 0.65703125 0.240625 0.1515625
0 0.43046875 0.328125 0.0578125 0.15
0 0.29375 0.196875 0.259375 0.1578125
0 0.0125 0.14765625 0.025 0.0703125
0 0.47578125 0.20234375 0.09375 0.1265625
0 0.60859375 0.1390625 0.221875 0.0390625
0 0.60078125 0.496875 0.05625 0.0765625
0 0.45234375 0.7890625 0.2328125 0.071875
0 0.1015625 0.87578125 0.140625 0.0546875
0 0.246875 0.8703125 0.0921875 0.0765625
0 0.553125 0.3640625 0.0578125 0.153125
0 0.07890625 0.17578125 0.1359375 0.034375
0 0.02421875 0.83203125 0.0171875 0.028125