0 0.41875 0.0234375 0.065625 0.046875
0 0.42109375 0.23203125 0.0515625 0.21875
0 0.47265625 0.49609375 0.12265625 0.2625
0 0.253125 0.73359375 0.01015625 0.028125
0 0.65625 0.62890625 0.015625 0.0796875
0 0.78359375 0.659375 0.0328125 0.065625
0 0.78515625 0.59375 0.01796875 0.02421875
0 0.8703125 0.6046875 0.13828125 0.01796875
0 0.95078125 0.5734375 0.03828125 0.0453125
0 0.71875 0.61796875 0.08203125 0.025
0 0.95234375 0.62890625 0.01953125 0.04765625
0 0.74296875 0.5796875 0.0453125 0.01171875
0 0.775 0.62265625 0.040625 0.0125
0 0.3734375 0.08359375 0.05390625 0.04453125
0 0.4140625 0.65078125 0.0109375 0.03125
0 0.43125 0.7328125 0.02109375 0.06328125
0 0.4484375 0.75390625 0.01171875 0.0328125
0 0.41484375 0.75390625 0.025 0.08125
0 0.41484375 0.8234375 0.00546875 0.028125
0 0.42421875 0.80625 0.00703125 0.0125
0 0.3546875 0.8484375 0.0203125 0.01328125
0 0.72265625 0.72265625 0.04296875 0.01953125
0 0.78125 0.7171875 0.015625 0.00546875