0 0.1015625 0.44375 0.13203125 0.0234375
0 0.24765625 0.47578125 0.1125 0.04765625
0 0.57265625 0.5234375 0.496875 0.0796875
0 0.3046875 0.62734375 0.0328125 0.05234375
0 0.378125 0.7125 0.053125 0.0453125
0 0.34453125 0.78984375 0.10234375 0.12578125
0 0.953125 0.80703125 0.07109375 0.13046875
0 0.784375 0.82578125 0.0921875 0.021875
0 0.8515625 0.5765625 0.0703125 0.03125
0 0.8765625 0.95390625 0.0375 0.0671875
0 0.69453125 0.92109375 0.03125 0.07734375
0 0.8421875 0.36171875 0.04765625 0.1546875
0 0.49296875 0.6828125 0.028125 0.1