0 0.365625 0.41484375 0.7140625 0.1765625
0 0.84375 0.44921875 0.3125 0.1640625
0 0.83515625 0.5296875 0.3296875 0.115625
0 0.94765625 0.675 0.0921875 0.2125
0 0.38984375 0.696875 0.7796875 0.246875
0 0.97265625 0.1765625 0.0546875 0.109375
0 0.86640625 0.3078125 0.2671875 0.075
0 0.66171875 0.28125 0.1140625 0.0609375
0 0.55625 0.21640625 0.2578125 0.1453125
0 0.28828125 0.284375 0.2609375 0.115625
0 0.48046875 0.075 0.175 0.0953125
0 0.9765625 0.078125 0.046875 0.0375
0 0.8453125 0.12734375 0.0796875 0.0296875
0 0.20546875 0.0203125 0.2828125 0.040625
0 0.6921875 0.115625 0.1234375 0.0390625
0 0.0625 0.20234375 0.05625 0.0578125
0 0.50546875 0.36875 0.0515625 0.059375
0 0.20703125 0.48828125 0.1359375 0.1375
0 0.28046875 0.5375 0.0859375 0.1046875
0 0.34140625 0.58515625 0.10625 0.0703125
0 0.15078125 0.56875 0.1609375 0.0765625
0 0.0203125 0.4515625 0.034375 0.0265625
0 0.88984375 0.6234375 0.0859375 0.0453125
0 0.85625 0.584375 0.021875 0.0328125
0 0.87109375 0.7828125 0.096875 0.0484375
0 0.825 0.8296875 0.215625 0.0703125
0 0.6390625 0.84609375 0.1609375 0.0765625
0 0.94609375 0.81953125 0.0328125 0.040625
0 0.89921875 0.93984375 0.0890625 0.0265625
0 0.80625 0.9484375 0.2703125 0.065625
0 0.4390625 0.8875 0.2828125 0.0734375
0 0.615625 0.925 0.121875 0.0359375
0 0.51171875 0.959375 0.0296875 0.0625
0 0.68359375 0.9890625 0.1984375 0.021875
0 0.7921875 0.97109375 0.1015625 0.034375
0 0.3359375 0.959375 0.1515625 0.0453125
0 0.103125 0.903125 0.20625 0.05
0 0.1296875 0.85234375 0.10625 0.0640625
0 0.190625 0.8921875 0.1125 0.028125
0 0.04375 0.84921875 0.0875 0.0390625
0 0.015625 0.78671875 0.03125 0.0234375
0 0.078125 0.74609375 0.05625 0.0578125
0 0.13046875 0.81015625 0.0859375 0.0328125
0 0.3296875 0.78359375 0.0359375 0.059375
0 0.45 0.8390625 0.078125 0.0625