0 0.2765625 0.56171875 0.23671875 0.25546875
0 0.25625 0.43828125 0.10078125 0.12890625
0 0.32890625 0.3421875 0.03203125 0.04453125
0 0.2765625 0.26015625 0.06796875 0.08203125
0 0.4453125 0.253125 0.03046875 0.0609375
0 0.48203125 0.1515625 0.3421875 0.303125
0 0.81640625 0.1828125 0.08203125 0.1859375
0 0.853125 0.24921875 0.028125 0.06171875
0 0.965625 0.1609375 0.06796875 0.06484375
0 0.540625 0.82109375 0.0453125 0.3578125
0 0.74453125 0.046875 0.11484375 0.05625
0 0.79296875 0.01015625 0.01640625 0.01875
0 0.10390625 0.7234375 0.071875 0.07109375