0 0.45859375 0.53515625 0.09375 0.45078125
0 0.57734375 0.403125 0.1703125 0.05
0 0.3953125 0.78828125 0.06171875 0.09453125
0 0.64453125 0.90234375 0.15390625 0.15859375
0 0.334375 0.86015625 0.090625 0.2796875
0 0.35390625 0.621875 0.065625 0.20234375
0 0.28125 0.53828125 0.0875 0.04765625
0 0.34609375 0.44921875 0.06953125 0.05703125
0 0.38515625 0.4515625 0.0453125 0.1609375
0 0.2609375 0.37421875 0.07109375 0.09375
0 0.34765625 0.303125 0.04453125 0.0734375
0 0.48984375 0.1640625 0.02265625 0.1109375
0 0.5703125 0.121875 0.0359375 0.0484375
0 0.62109375 0.303125 0.115625 0.18046875
0 0.478125 0.8609375 0.078125 0.0890625
0 0.4890625 0.79453125 0.065625 0.0734375