0 0.79609375 0.59140625 0.175 0.1921875
0 0.7640625 0.4359375 0.0515625 0.071875
0 0.85390625 0.21640625 0.0515625 0.1046875
0 0.74921875 0.3203125 0.0484375 0.0796875
0 0.253125 0.365625 0.0734375 0.125
0 0.55625 0.790625 0.040625 0.1234375
0 0.56796875 0.68046875 0.0453125 0.1078125
0 0.84765625 0.71953125 0.0359375 0.0453125
0 0.7984375 0.3234375 0.0390625 0.159375
0 0.7109375 0.2984375 0.0265625 0.0234375
0 0.69140625 0.43046875 0.009375 0.01875
0 0.81875 0.2 0.084375 0.0671875
0 0.671875 0.4046875 0.0484375 0.034375
0 0.525 0.7515625 0.01875 0.0234375