0 0.4734375 0.91015625 0.03671875 0.1796875
0 0.54921875 0.91015625 0.11640625 0.17890625
0 0.09140625 0.9796875 0.0296875 0.040625
0 0.05234375 0.97109375 0.0578125 0.0390625
0 0.0421875 0.98828125 0.02109375 0.0234375
0 0.14375 0.796875 0.0390625 0.01328125
0 0.0578125 0.73359375 0.040625 0.0171875
0 0.04140625 0.62421875 0.0203125 0.0203125
0 0.23203125 0.63671875 0.04296875 0.03125
0 0.1515625 0.72265625 0.034375 0.09609375
0 0.25 0.7359375 0.021875 0.03125
0 0.1875 0.82109375 0.0265625 0.009375
0 0.43359375 0.11796875 0.0578125 0.234375
0 0.16953125 0.1296875 0.059375 0.09921875
0 0.3890625 0.4109375 0.20390625 0.821875
0 0.14140625 0.25546875 0.0109375 0.01953125
0 0.13359375 0.30234375 0.0296875 0.053125
0 0.54375 0.50234375 0.01328125 0.05390625
0 0.38359375 0.8328125 0.13671875 0.028125
0 0.2890625 0.82421875 0.06875 0.0171875
0 0.23984375 0.83515625 0.02421875 0.0046875
0 0.19296875 0.8375 0.01875 0.015625
0 0.29765625 0.63671875 0.059375 0.0109375
0 0.27890625 0.5046875 0.03359375 0.0203125
0 0.24453125 0.5203125 0.03515625 0.00859375
0 0.553125 0.76484375 0.02890625 0.115625
0 0.33515625 0.72890625 0.01015625 0.040625
0 0.3203125 0.6703125 0.00625 0.0234375
0 0.40859375 0.66328125 0.0734375 0.0109375
0 0.4453125 0.7078125 0.00859375 0.0546875
0 0.35390625 0.7984375 0.01171875 0.03359375
0 0.41015625 0.79296875 0.0375 0.0234375
0 0.38046875 0.78671875 0.01328125 0.01640625
0 0.08125 0.61875 0.0453125 0.025