0 0.70703125 0.73828125 0.19375 0.1765625
0 0.50859375 0.71171875 0.2546875 0.115625
0 0.76640625 0.50625 0.1140625 0.0609375
0 0.5453125 0.5578125 0.3828125 0.1203125
0 0.30234375 0.628125 0.153125 0.09375
0 0.18515625 0.6078125 0.1171875 0.1078125
0 0.19140625 0.69765625 0.1109375 0.1015625
0 0.8125 0.34609375 0.2484375 0.1796875
0 0.53203125 0.790625 0.059375 0.0859375
0 0.56640625 0.85390625 0.0234375 0.0640625
0 0.66328125 0.37109375 0.0765625 0.1171875
0 0.19765625 0.48671875 0.175 0.1203125
0 0.0625 0.41953125 0.125 0.0953125
0 0.0078125 0.34296875 0.015625 0.0734375
0 0.3015625 0.73359375 0.1859375 0.08125
0 0.18359375 0.7671875 0.0671875 0.0328125
0 0.09296875 0.80625 0.1421875 0.084375
0 0.4125 0.828125 0.0453125 0.06875
0 0.36640625 0.80390625 0.0609375 0.0171875
0 0.309375 0.915625 0.1 0.05625
0 0.19609375 0.8921875 0.1 0.0234375
0 0.278125 0.80859375 0.071875 0.0421875