0 0.74765625 0.1046875 0.115625 0.1046875
0 0.6671875 0.18359375 0.08125 0.0796875
0 0.59609375 0.27109375 0.1203125 0.06015625
0 0.46796875 0.515625 0.11484375 0.34765625
0 0.409375 0.7875 0.05 0.13984375
0 0.27265625 0.7765625 0.03515625 0.07109375
0 0.36953125 0.6984375 0.0296875 0.01484375
0 0.32265625 0.70859375 0.06171875 0.0125
0 0.55625 0.315625 0.0265625 0.0359375
0 0.440625 0.20078125 0.0625 0.1921875
0 0.434375 0.8421875 0.040625 0.05078125
0 0.365625 0.86640625 0.0171875 0.03359375
0 0.27421875 0.85390625 0.0171875 0.0625
0 0.87421875 0.12265625 0.03984375 0.0734375
0 0.85625 0.2734375 0.08671875 0.14765625
0 0.94453125 0.1421875 0.1109375 0.0421875
0 0.96875 0.07890625 0.0109375 0.03203125