0 0.50390625 0.428125 0.1046875 0.5046875
0 0.63671875 0.575 0.190625 0.05625
0 0.4328125 0.14453125 0.06875 0.10625
0 0.7109375 0.053125 0.171875 0.10625
0 0.36328125 0.1109375 0.1015625 0.221875
0 0.3859375 0.33125 0.0734375 0.225
0 0.3046875 0.42421875 0.0984375 0.053125
0 0.378125 0.52421875 0.078125 0.0625
0 0.42109375 0.52109375 0.05 0.18125
0 0.2828125 0.6078125 0.078125 0.10625
0 0.3796875 0.68671875 0.05 0.08125
0 0.53828125 0.84296875 0.025 0.125
0 0.62890625 0.890625 0.040625 0.0546875
0 0.68515625 0.6875 0.128125 0.203125
0 0.52578125 0.0640625 0.0875 0.1
0 0.5375 0.13828125 0.0734375 0.08125