0 0.68515625 0.15078125 0.0921875 0.20078125
0 0.5859375 0.4171875 0.12265625 0.3875
0 0.5875 0.6953125 0.10390625 0.2203125
0 0.2890625 0.37421875 0.165625 0.2046875
0 0.34765625 0.48984375 0.0359375 0.05859375
0 0.146875 0.0796875 0.040625 0.08125
0 0.1453125 0.26015625 0.053125 0.10078125
0 0.1265625 0.13515625 0.0328125 0.04453125
0 0.7390625 0.25546875 0.02421875 0.02734375
0 0.7359375 0.35546875 0.02109375 0.065625
0 0.9359375 0.09140625 0.0390625 0.07578125
0 0.57265625 0.82265625 0.059375 0.0671875
0 0.33125 0.55546875 0.11640625 0.0453125
0 0.22109375 0.53046875 0.03984375 0.0140625
0 0.4578125 0.37734375 0.10234375 0.06875
0 0.08203125 0.41953125 0.1390625 0.09375
0 0.4046875 0.53984375 0.05 0.02734375
0 0.96328125 0.2328125 0.03984375 0.0546875
0 0.8234375 0.1765625 0.03984375 0.040625
0 0.44453125 0.08359375 0.01875 0.03671875
0 0.44375 0.159375 0.0453125 0.06640625
0 0.27109375 0.16953125 0.02265625 0.059375