0 0.27578125 0.3953125 0.1046875 0.1421875
0 0.378125 0.52421875 0.1421875 0.1421875
0 0.53671875 0.6421875 0.221875 0.1953125
0 0.80703125 0.69453125 0.15625 0.084375
0 0.8890625 0.63203125 0.053125 0.034375
0 0.55546875 0.40234375 0.04375 0.0890625
0 0.53203125 0.4140625 0.0359375 0.0609375
0 0.0984375 0.39765625 0.1921875 0.0484375
0 0.18203125 0.4078125 0.1078125 0.0296875
0 0.38671875 0.425 0.05625 0.075
0 0.09296875 0.634375 0.090625 0.084375
0 0.81875 0.80234375 0.075 0.0203125
0 0.903125 0.846875 0.0578125 0.0703125
0 0.41484375 0.67109375 0.0203125 0.04375
0 0.9234375 0.89140625 0.128125 0.0359375
0 0.75859375 0.83515625 0.1921875 0.1359375