0 0.77265625 0.3875 0.3671875 0.2
0 0.28515625 0.534375 0.0828125 0.0578125
0 0.77890625 0.12109375 0.0796875 0.0625
0 0.37734375 0.4984375 0.1078125 0.0609375
0 0.49140625 0.459375 0.1390625 0.0765625
0 0.41640625 0.4484375 0.0359375 0.015625
0 0.40703125 0.3265625 0.040625 0.03125
0 0.35078125 0.51328125 0.046875 0.0359375
0 0.6484375 0.35703125 0.0984375 0.0296875
0 0.55703125 0.646875 0.125 0.0453125
0 0.79375 0.75859375 0.034375 0.0265625
0 0.821875 0.74453125 0.05 0.03125
0 0.89296875 0.68984375 0.0453125 0.01875
0 0.7453125 0.81796875 0.034375 0.0203125
0 0.853125 0.16953125 0.13125 0.090625
0 0.95078125 0.12265625 0.046875 0.0515625
0 0.91484375 0.1375 0.05625 0.05625
0 0.5265625 0.1640625 0.034375 0.015625
0 0.6046875 0.16171875 0.1078125 0.0328125
0 0.3375 0.18828125 0.0390625 0.0515625