0 0.11796875 0.76796875 0.1109375 0.1203125
0 0.19296875 0.68359375 0.084375 0.0859375
0 0.2765625 0.6078125 0.065625 0.1234375
0 0.5140625 0.4671875 0.353125 0.134375
0 0.78203125 0.39453125 0.14375 0.0578125
0 0.7640625 0.25859375 0.0734375 0.0375
0 0.69140625 0.359375 0.0171875 0.0296875
0 0.69921875 0.31171875 0.015625 0.0625
0 0.31875 0.565625 0.0375 0.028125
0 0.1984375 0.45625 0.1953125 0.071875
0 0.83828125 0.41640625 0.0515625 0.04375
0 0.85859375 0.346875 0.0359375 0.01875
0 0.84140625 0.25625 0.0640625 0.0203125
0 0.14296875 0.89375 0.075 0.04375
0 0.2921875 0.86796875 0.1515625 0.0953125
0 0.16484375 0.953125 0.0484375 0.09375
0 0.10390625 0.98984375 0.03125 0.0125