0 0.33203125 0.12109375 0.075 0.24140625
0 0.3296875 0.34453125 0.09921875 0.246875
0 0.265625 0.55390625 0.05234375 0.21640625
0 0.45546875 0.27734375 0.06484375 0.11953125
0 0.41171875 0.2640625 0.05859375 0.1109375
0 0.50859375 0.29296875 0.0734375 0.1171875
0 0.43671875 0.43203125 0.05390625 0.18828125
0 0.359375 0.56953125 0.15234375 0.1546875
0 0.26796875 0.7125 0.04296875 0.11328125
0 0.29296875 0.82421875 0.04375 0.14296875
0 0.26171875 0.9359375 0.06875 0.12734375
0 0.759375 0.0484375 0.0328125 0.09296875