0 0.53359375 0.4625 0.4765625 0.1453125
0 0.3859375 0.57109375 0.0703125 0.18125
0 0.80234375 0.42578125 0.1046875 0.0734375
0 0.89296875 0.69453125 0.18125 0.1765625
0 0.86640625 0.36875 0.2671875 0.121875
0 0.63515625 0.3640625 0.215625 0.090625
0 0.55703125 0.28046875 0.059375 0.0953125
0 0.45703125 0.33828125 0.0671875 0.078125
0 0.45625 0.378125 0.171875 0.0640625
0 0.38984375 0.24140625 0.1046875 0.0828125
0 0.30703125 0.32421875 0.0796875 0.0546875
0 0.1484375 0.45546875 0.1171875 0.0359375
0 0.09609375 0.53359375 0.053125 0.0421875
0 0.2765625 0.60546875 0.1984375 0.1375
0 0.86796875 0.51875 0.1 0.090625
0 0.79765625 0.521875 0.08125 0.0765625