0 0.69609375 0.88828125 0.103125 0.2171875
0 0.58203125 0.59921875 0.1421875 0.4265625
0 0.57734375 0.29375 0.11875 0.24375
0 0.25625 0.65234375 0.184375 0.228125
0 0.31953125 0.525 0.040625 0.0640625
0 0.10546875 0.9671875 0.0453125 0.065625
0 0.10078125 0.78046875 0.0609375 0.1125
0 0.0828125 0.91796875 0.0375 0.0484375
0 0.753125 0.77421875 0.0265625 0.03125
0 0.74765625 0.66484375 0.025 0.071875
0 0.971875 0.95078125 0.0453125 0.0828125
0 0.55859375 0.15546875 0.0671875 0.0765625
0 0.29921875 0.45234375 0.1296875 0.0515625
0 0.1796875 0.48203125 0.04375 0.015625
0 0.44140625 0.6453125 0.1140625 0.0765625
0 0.053125 0.60625 0.1046875 0.1046875
0 0.38046875 0.46875 0.0546875 0.0328125
0 0.98828125 0.7953125 0.0234375 0.059375
0 0.846875 0.859375 0.04375 0.04375
0 0.4328125 0.96953125 0.021875 0.040625
0 0.43125 0.88515625 0.0515625 0.0734375
0 0.240625 0.87734375 0.0265625 0.065625