0 0.7296875 0.8546875 0.103125 0.290625
0 0.7078125 0.4921875 0.1125 0.9703125
0 0.53359375 0.58203125 0.1515625 0.7671875
0 0.459375 0.725 0.05625 0.0921875
0 0.39765625 0.93515625 0.0484375 0.125
0 0.39296875 0.69140625 0.0640625 0.415625
0 0.40703125 0.246875 0.05625 0.4921875
0 0.9 0.93515625 0.04375 0.1296875
0 0.35234375 0.7390625 0.03125 0.203125
0 0.309375 0.42421875 0.065625 0.2828125
0 0.3640625 0.134375 0.040625 0.26875
0 0.32578125 0.259375 0.0609375 0.05
0 0.2359375 0.0875 0.0375 0.175
0 0.2484375 0.44296875 0.096875 0.084375
0 0.184375 0.52265625 0.040625 0.0859375
0 0.1890625 0.4140625 0.04375 0.0859375
0 0.1625 0.1734375 0.046875 0.2984375
0 0.628125 0.890625 0.0609375 0.034375
0 0.58046875 0.89609375 0.0359375 0.034375
0 0.63828125 0.396875 0.05625 0.0765625
0 0.6171875 0.45625 0.0390625 0.0265625
0 0.64921875 0.1390625 0.075 0.2703125
0 0.5953125 0.17265625 0.059375 0.0890625
0 0.56015625 0.0828125 0.0453125 0.1359375
0 0.4515625 0.303125 0.025 0.2046875
0 0.3359375 0.95078125 0.01875 0.0875
0 0.32421875 0.88671875 0.04375 0.0953125
0 0.44375 0.8 0.0203125 0.065625
0 0.43984375 0.971875 0.059375 0.0234375