0 0.37734375 0.50703125 0.0375 0.071875
0 0.40390625 0.465625 0.053125 0.0703125
0 0.43828125 0.43125 0.040625 0.028125
0 0.47734375 0.4390625 0.09375 0.0828125
0 0.525 0.38671875 0.05 0.0421875
0 0.5734375 0.328125 0.0609375 0.10625
0 0.64765625 0.2546875 0.096875 0.078125
0 0.728125 0.19375 0.0859375 0.0890625
0 0.78984375 0.13828125 0.0515625 0.0515625
0 0.82265625 0.596875 0.0296875 0.05
0 0.90234375 0.07109375 0.1625 0.078125
0 0.54765625 0.0265625 0.0703125 0.0296875
0 0.5875 0.0171875 0.0359375 0.025
0 0.39765625 0.034375 0.0703125 0.06875
0 0.5296875 0.3109375 0.0515625 0.0203125
0 0.45234375 0.27421875 0.0296875 0.0453125