0 0.26796875 0.415625 0.1515625 0.16953125
0 0.2890625 0.56015625 0.04453125 0.06328125
0 0.196875 0.75703125 0.04296875 0.0953125
0 0.296875 0.66640625 0.0390625 0.07109375
0 0.75390625 0.6484375 0.06171875 0.1109375
0 0.49609375 0.2453125 0.0328125 0.1125
0 0.48046875 0.3453125 0.0359375 0.09765625
0 0.2265625 0.29609375 0.03125 0.0390625
0 0.25234375 0.66171875 0.0296875 0.14453125
0 0.33125 0.6890625 0.0234375 0.01953125
0 0.35546875 0.56796875 0.0078125 0.0171875
0 0.22734375 0.77265625 0.075 0.0578125
0 0.371875 0.5921875 0.04375 0.0296875
0 0.52265625 0.2828125 0.015625 0.02109375