0 0.85234375 0.37109375 0.2953125 0.0765625
0 0.778125 0.20546875 0.44375 0.0984375
0 0.6078125 0.165625 0.3546875 0.05625
0 0.79375 0.62421875 0.409375 0.0671875
0 0.3078125 0.60390625 0.615625 0.0734375
0 0.7984375 0.78828125 0.159375 0.034375
0 0.57421875 0.29609375 0.26875 0.0484375
0 0.7578125 0.325 0.1515625 0.040625
0 0.7125 0.8328125 0.184375 0.071875
0 0.24453125 0.31640625 0.13125 0.0328125
0 0.66953125 0.38046875 0.084375 0.03125
0 0.21640625 0.87578125 0.1296875 0.0265625
0 0.58203125 0.6984375 0.2703125 0.0765625
0 0.88359375 0.73125 0.175 0.040625
0 0.14765625 0.3921875 0.109375 0.03125
0 0.38203125 0.296875 0.128125 0.0328125
0 0.51640625 0.23671875 0.15 0.0453125
0 0.9171875 0.10390625 0.165625 0.0265625
0 0.75390625 0.5296875 0.128125 0.134375
0 0.63984375 0.53046875 0.09375 0.0265625
0 0.48125 0.503125 0.128125 0.0359375
0 0.71875 0.4328125 0.1328125 0.0546875
0 0.53359375 0.38515625 0.1578125 0.053125
0 0.26640625 0.3921875 0.11875 0.0234375
0 0.375 0.3671875 0.1546875 0.06875
0 0.078125 0.6828125 0.15625 0.03125
0 0.215625 0.49140625 0.0390625 0.071875
0 0.95625 0.46640625 0.0765625 0.0859375
0 0.92421875 0.54765625 0.146875 0.034375
0 0.60703125 0.484375 0.065625 0.0390625
0 0.3390625 0.446875 0.190625 0.0375
0 0.0484375 0.384375 0.09375 0.0265625
0 0.21875 0.7328125 0.06875 0.0328125
0 0.071875 0.4828125 0.14375 0.021875
0 0.34609375 0.18984375 0.1125 0.028125
0 0.80703125 0.0953125 0.0296875 0.096875
0 0.4984375 0.09296875 0.0734375 0.0328125
0 0.478125 0.19921875 0.078125 0.0234375
0 0.684375 0.2578125 0.025 0.0375
0 0.95703125 0.32890625 0.0859375 0.0265625
0 0.6078125 0.434375 0.0625 0.053125
0 0.4703125 0.896875 0.1890625 0.065625
0 0.72265625 0.8796875 0.0234375 0.05
0 0.52734375 0.83046875 0.140625 0.0375
0 0.69453125 0.74375 0.0796875 0.0234375
0 0.31171875 0.796875 0.20625 0.04375
0 0.4203125 0.76328125 0.0265625 0.065625
0 0.33046875 0.8671875 0.0765625 0.0203125
0 0.11875 0.88515625 0.046875 0.0265625
0 0.8390625 0.90390625 0.0421875 0.025
0 0.59453125 0.79609375 0.025 0.034375
0 0.33046875 0.6703125 0.040625 0.025
0 0.48515625 0.471875 0.103125 0.0140625