0 0.39609375 0.7046875 0.14140625 0.3234375
0 0.59375 0.27578125 0.04296875 0.07109375
0 0.15078125 0.67578125 0.05 0.06875
0 0.5484375 0.35546875 0.04375 0.09453125
0 0.4984375 0.45546875 0.05390625 0.1234375
0 0.4984375 0.38515625 0.01015625 0.0328125
0 0.3875 0.36015625 0.02421875 0.03359375
0 0.565625 0.3328125 0.02734375 0.040625
0 0.384375 0.58671875 0.0140625 0.0890625
0 0.6625 0.53984375 0.0265625 0.1125
0 0.734375 0.77109375 0.0203125 0.0296875
0 0.71796875 0.7953125 0.0234375 0.04296875
0 0.65859375 0.85390625 0.0125 0.04140625
0 0.79453125 0.73515625 0.015625 0.03046875
0 0.1859375 0.75078125 0.06875 0.11328125
0 0.1296875 0.83359375 0.04296875 0.03828125
0 0.1484375 0.80234375 0.04609375 0.046875
0 0.22265625 0.44921875 0.01015625 0.03046875
0 0.21015625 0.52109375 0.01796875 0.09921875
0 0.03515625 0.4609375 0.009375 0.03046875
0 0.26953125 0.27890625 0.04296875 0.03046875