0 0.60859375 0.24453125 0.12421875 0.1484375
0 0.54765625 0.284375 0.0328125 0.03125
0 0.32890625 0.590625 0.090625 0.11171875
0 0.175 0.7046875 0.21484375 0.19609375
0 0.88046875 0.52578125 0.06015625 0.02734375
0 0.9578125 0.49140625 0.034375 0.02734375
0 0.7453125 0.0921875 0.01640625 0.0140625
0 0.76015625 0.08984375 0.015625 0.0265625
0 0.7546875 0.071875 0.0046875 0.01796875
0 0.75859375 0.04921875 0.025 0.0359375
0 0.45703125 0.37109375 0.15625 0.165625
0 0.4640625 0.440625 0.2 0.21171875