0 0.5453125 0.90859375 0.046875 0.1796875
0 0.46875 0.91015625 0.128125 0.1796875
0 0.934375 0.95859375 0.03125 0.040625
0 0.971875 0.94921875 0.05625 0.0421875
0 0.9859375 0.9640625 0.0234375 0.0234375
0 0.871875 0.77890625 0.040625 0.015625
0 0.95546875 0.71015625 0.0421875 0.01875
0 0.96640625 0.59921875 0.0234375 0.021875
0 0.775 0.62109375 0.0453125 0.0328125
0 0.86015625 0.70390625 0.0390625 0.0984375
0 0.76171875 0.72265625 0.0234375 0.0328125
0 0.8296875 0.8046875 0.0265625 0.0109375
0 0.54375 0.1140625 0.071875 0.228125
0 0.8109375 0.10625 0.0640625 0.103125
0 0.60390625 0.41015625 0.2484375 0.8203125
0 0.84609375 0.23125 0.0140625 0.01875
0 0.85625 0.2796875 0.034375 0.0546875
0 0.453125 0.50234375 0.015625 0.0546875
0 0.63203125 0.82734375 0.1390625 0.0359375
0 0.72734375 0.81328125 0.0703125 0.0203125
0 0.77734375 0.821875 0.025 0.00625
0 0.825 0.821875 0.0203125 0.0171875
0 0.70859375 0.625 0.059375 0.0140625
0 0.7203125 0.490625 0.0359375 0.021875
0 0.75625 0.5046875 0.0359375 0.0109375
0 0.4578125 0.7671875 0.034375 0.11875
0 0.67578125 0.7203125 0.0109375 0.040625
0 0.6875 0.66015625 0.0078125 0.0234375
0 0.5984375 0.6578125 0.075 0.015625
0 0.56328125 0.70390625 0.0125 0.05625
0 0.66015625 0.79140625 0.0140625 0.034375
0 0.60390625 0.7890625 0.0390625 0.0265625
0 0.6328125 0.78125 0.0140625 0.015625
0 0.9265625 0.5953125 0.0484375 0.028125