0 0.59921875 0.38359375 0.0375 0.0734375
0 0.58046875 0.43046875 0.053125 0.06875
0 0.553125 0.4703125 0.0390625 0.028125
0 0.51328125 0.4703125 0.09375 0.0828125
0 0.47421875 0.53203125 0.0515625 0.0421875
0 0.4390625 0.59921875 0.059375 0.1078125
0 0.37890625 0.68671875 0.096875 0.078125
0 0.3109375 0.7625 0.084375 0.0890625
0 0.26015625 0.82890625 0.0515625 0.0515625
0 0.13828125 0.38125 0.0296875 0.0484375
0 0.16484375 0.940625 0.1703125 0.11875
0 0.521875 0.89375 0.071875 0.028125
0 0.48671875 0.93828125 0.040625 0.0796875
0 0.67421875 0.90546875 0.0765625 0.1671875
0 0.4859375 0.6078125 0.0515625 0.0203125
0 0.56953125 0.6296875 0.028125 0.04375