0 0.5734375 0.44609375 0.02734375 0.06328125
0 0.55390625 0.48515625 0.0421875 0.059375
0 0.5265625 0.51953125 0.03359375 0.02265625
0 0.490625 0.51640625 0.07734375 0.0671875
0 0.4515625 0.56796875 0.04296875 0.0328125
0 0.4140625 0.62578125 0.0453125 0.0921875
0 0.3546875 0.6984375 0.08125 0.0625
0 0.28828125 0.7609375 0.06953125 0.07421875
0 0.2375 0.81640625 0.0421875 0.0421875
0 0.1640625 0.40703125 0.021875 0.04140625
0 0.14296875 0.91875 0.14140625 0.11796875
0 0.0671875 0.98515625 0.02734375 0.0296875
0 0.465625 0.89375 0.0625 0.01953125
0 0.43125 0.93046875 0.03046875 0.06875
0 0.60078125 0.921875 0.05546875 0.15625
0 0.45546875 0.63671875 0.0453125 0.0140625
0 0.528125 0.6625 0.021875 0.0375