0 0.2578125 0.04921875 0.125 0.0984375
0 0.34453125 0.12734375 0.0875 0.0859375
0 0.42109375 0.22109375 0.1296875 0.065625
0 0.559375 0.48515625 0.1234375 0.375
0 0.62265625 0.778125 0.053125 0.15
0 0.7703125 0.76640625 0.0375 0.0765625
0 0.665625 0.6828125 0.03125 0.015625
0 0.715625 0.69296875 0.065625 0.0125
0 0.4640625 0.26953125 0.028125 0.0375
0 0.5890625 0.1453125 0.0671875 0.20625
0 0.5953125 0.8375 0.04375 0.0546875
0 0.6703125 0.8640625 0.01875 0.0375
0 0.76796875 0.85 0.01875 0.0671875
0 0.12109375 0.0609375 0.04375 0.0796875
0 0.140625 0.2234375 0.09375 0.159375
0 0.05234375 0.08203125 0.1046875 0.0453125
0 0.01953125 0.015625 0.0125 0.03125