0 0.84609375 0.48359375 0.3078125 0.2484375
0 0.46484375 0.68828125 0.721875 0.2375
0 0.05078125 0.38203125 0.0953125 0.1375
0 0.26796875 0.7765625 0.278125 0.1109375
0 0.0671875 0.77421875 0.134375 0.0859375
0 0.5609375 0.81796875 0.303125 0.1296875
0 0.459375 0.909375 0.046875 0.0796875
0 0.22734375 0.94375 0.1203125 0.059375
0 0.18359375 0.51875 0.11875 0.0515625
0 0.0875 0.571875 0.175 0.10625
0 0.06171875 0.66796875 0.071875 0.0328125
0 0.2859375 0.2640625 0.2796875 0.178125
0 0.17265625 0.41640625 0.0703125 0.0640625