0 0.10703125 0.12109375 0.0734375 0.1109375
0 0.1453125 0.88671875 0.078125 0.1828125
0 0.08125 0.86328125 0.0546875 0.1421875
0 0.31640625 0.2203125 0.2359375 0.05625
0 0.5390625 0.0875 0.1203125 0.153125
0 0.47734375 0.009375 0.0546875 0.01875
0 0.57109375 0.23671875 0.06875 0.0765625
0 0.65078125 0.77109375 0.13125 0.1515625
0 0.6734375 0.32578125 0.0859375 0.1265625
0 0.8171875 0.55390625 0.14375 0.2328125
0 0.42421875 0.5625 0.0859375 0.040625
0 0.040625 0.4140625 0.065625 0.046875
0 0.06640625 0.03515625 0.0390625 0.05625