0 0.5 0.40234375 0.16875 0.121875
0 0.271875 0.41875 0.2953125 0.0703125
0 0.46796875 0.6 0.1984375 0.290625
0 0.56875 0.82578125 0.125 0.140625
0 0.4953125 0.8078125 0.0359375 0.05625
0 0.440625 0.828125 0.0203125 0.0265625
0 0.146875 0.9078125 0.29375 0.15
0 0.09375 0.7015625 0.0890625 0.2765625
0 0.07421875 0.55546875 0.0546875 0.11875
0 0.55234375 0.95078125 0.0390625 0.065625
0 0.215625 0.165625 0.16875 0.0890625
0 0.325 0.91484375 0.1234375 0.065625
0 0.39453125 0.95390625 0.046875 0.021875
0 0.30703125 0.96796875 0.0921875 0.0296875
0 0.48046875 0.846875 0.103125 0.021875