0 0.5890625 0.3484375 0.046875 0.134375
0 0.29765625 0.8109375 0.075 0.0640625
0 0.5921875 0.81015625 0.05625 0.021875
0 0.50078125 0.5546875 0.115625 0.18125
0 0.38359375 0.1125 0.1890625 0.1890625
0 0.36640625 0.70703125 0.0578125 0.0546875
0 0.75234375 0.84453125 0.0546875 0.0328125
0 0.6796875 0.15625 0.0375 0.028125
0 0.60546875 0.74296875 0.021875 0.090625
0 0.259375 0.03828125 0.0453125 0.0546875
0 0.671875 0.0890625 0.0375 0.0515625
0 0.10625 0.8015625 0.053125 0.021875
0 0.0921875 0.47109375 0.0484375 0.021875
0 0.82734375 0.5125 0.0921875 0.0984375
0 0.3609375 0.0328125 0.0515625 0.021875