0 0.79375 0.20703125 0.3203125 0.125
0 0.45 0.2859375 0.9 0.1875
0 0.54765625 0.4359375 0.7375 0.20625
0 0.69296875 0.484375 0.0890625 0.059375
0 0.91953125 0.5078125 0.1609375 0.059375
0 0.67265625 0.5515625 0.396875 0.0953125
0 0.25078125 0.60546875 0.46875 0.09375
0 0.85 0.0359375 0.171875 0.0578125
0 0.721875 0.5828125 0.1953125 0.0453125
0 0.4328125 0.6703125 0.2734375 0.0859375
0 0.1484375 0.66328125 0.2640625 0.0609375
0 0.275 0.68046875 0.053125 0.0609375
0 0.1234375 0.790625 0.178125 0.053125
0 0.459375 0.725 0.0890625 0.0984375
0 0.54375 0.77421875 0.084375 0.046875
0 0.440625 0.78515625 0.084375 0.046875
0 0.21796875 0.84609375 0.2828125 0.06875
0 0.96640625 0.33828125 0.0421875 0.065625
0 0.82421875 0.3015625 0.0375 0.059375
0 0.83671875 0.34453125 0.0359375 0.0375
0 0.35859375 0.365625 0.078125 0.059375
0 0.4171875 0.37578125 0.0265625 0.040625
0 0.121875 0.3921875 0.24375 0.09375
0 0.153125 0.4390625 0.0890625 0.0625
0 0.07421875 0.48515625 0.13125 0.0546875
0 0.29765625 0.55546875 0.19375 0.0390625
0 0.96484375 0.42734375 0.0515625 0.04375
0 0.93984375 0.56640625 0.115625 0.028125
0 0.86640625 0.58828125 0.09375 0.0484375
0 0.76640625 0.48828125 0.0640625 0.0265625
0 0.928125 0.46640625 0.025 0.0578125