0 0.2234375 0.403125 0.2421875 0.0953125
0 0.38359375 0.5171875 0.121875 0.19296875
0 0.4421875 0.36484375 0.22265625 0.13203125
0 0.4515625 0.6765625 0.046875 0.140625
0 0.32890625 0.8078125 0.2375 0.13828125
0 0.04609375 0.86875 0.05703125 0.06484375
0 0.50078125 0.79375 0.0828125 0.115625
0 0.6296875 0.846875 0.20859375 0.0265625
0 0.6046875 0.50859375 0.05078125 0.06953125
0 0.44921875 0.23984375 0.21796875 0.05703125
0 0.11328125 0.17421875 0.13203125 0.04375
0 0.25078125 0.17265625 0.084375 0.0671875
0 0.565625 0.63671875 0.046875 0.14296875
0 0.125 0.83828125 0.1265625 0.0265625
0 0.03671875 0.21953125 0.02578125 0.02578125