0 0.47578125 0.6328125 0.1671875 0.1140625
0 0.2421875 0.59921875 0.303125 0.0515625
0 0.45703125 0.42578125 0.1859375 0.2890625
0 0.57734375 0.2 0.1203125 0.1390625
0 0.50078125 0.21328125 0.034375 0.05625
0 0.44609375 0.18828125 0.01875 0.025
0 0.1484375 0.078125 0.296875 0.14375
0 0.078125 0.29375 0.071875 0.2828125
0 0.04765625 0.44375 0.0484375 0.121875
0 0.56953125 0.0703125 0.0359375 0.0640625
0 0.165625 0.85703125 0.1703125 0.08125
0 0.3328125 0.09140625 0.1234375 0.0609375
0 0.40703125 0.05546875 0.046875 0.0203125
0 0.31796875 0.03515625 0.09375 0.025
0 0.4890625 0.17265625 0.1078125 0.015625