0 0.6421875 0.78984375 0.26875 0.4203125
0 0.7515625 0.76015625 0.046875 0.0390625
0 0.35859375 0.32734375 0.7046875 0.3484375
0 0.8703125 0.37109375 0.0421875 0.015625
0 0.9375 0.2796875 0.0859375 0.0265625
0 0.9265625 0.859375 0.071875 0.0578125
0 0.71640625 0.75234375 0.0359375 0.0140625
0 0.7484375 0.74609375 0.003125 0.00625
0 0.6546875 0.61015625 0.065625 0.1390625
0 0.5515625 0.55703125 0.0484375 0.0578125
0 0.53515625 0.48671875 0.0390625 0.096875
0 0.83984375 0.4 0.0421875 0.0390625
0 0.78671875 0.428125 0.0546875 0.01875
0 0.72890625 0.44453125 0.0703125 0.0296875
0 0.98828125 0.2609375 0.0234375 0.0375