0 0.66796875 0.41171875 0.6625 0.071875
0 0.1796875 0.38203125 0.359375 0.1125
0 0.184375 0.459375 0.36875 0.065625
0 0.071875 0.5765625 0.1109375 0.190625
0 0.6203125 0.67109375 0.74140625 0.128125
0 0.0796875 0.11171875 0.15859375 0.0890625
0 0.171875 0.246875 0.34296875 0.03203125
0 0.4109375 0.2515625 0.1 0.04375
0 0.51640625 0.2046875 0.225 0.10390625
0 0.75390625 0.30234375 0.2328125 0.07578125
0 0.603125 0.08515625 0.1546875 0.06875
0 0.1484375 0.02109375 0.040625 0.03671875
0 0.2625 0.08671875 0.07265625 0.01796875
0 0.86640625 0.05703125 0.2640625 0.0296875
0 0.4046875 0.0953125 0.1125 0.01953125
0 0.97421875 0.25703125 0.05078125 0.04765625
0 0.54296875 0.35234375 0.0421875 0.04921875
0 0.8015625 0.5 0.11171875 0.1125
0 0.728125 0.5359375 0.06875 0.08828125
0 0.665625 0.571875 0.09296875 0.0515625
0 0.8421875 0.58125 0.14296875 0.05234375
0 0.978125 0.490625 0.028125 0.02109375
0 0.15703125 0.5359375 0.07578125 0.0328125
0 0.19296875 0.5046875 0.01640625 0.02890625
0 0.15390625 0.68515625 0.0859375 0.03359375
0 0.18984375 0.734375 0.19765625 0.0375
0 0.359375 0.7734375 0.14296875 0.0515625
0 0.04765625 0.71015625 0.09296875 0.034375
0 0.09296875 0.825 0.1109375 0.01328125
0 0.18828125 0.84609375 0.25859375 0.025
0 0.5375 0.83671875 0.2609375 0.03125
0 0.3703125 0.8484375 0.11171875 0.01796875
0 0.4609375 0.89375 0.01953125 0.0546875
0 0.296875 0.9125 0.18203125 0.02421875
0 0.05078125 0.91484375 0.10078125 0.01640625
0 0.3515625 0.94765625 0.18828125 0.0359375
0 0.48359375 0.9703125 0.02734375 0.03203125
0 0.6640625 0.97578125 0.1890625 0.0484375
0 0.20234375 0.86796875 0.09140625 0.01875
0 0.62265625 0.915625 0.13984375 0.0234375
0 0.85625 0.89609375 0.21640625 0.01640625
0 0.8265625 0.84453125 0.09296875 0.04609375
0 0.76484375 0.87265625 0.1046875 0.0109375
0 0.9203125 0.85546875 0.1109375 0.02109375
0 0.96171875 0.803125 0.07578125 0.01171875
0 0.88671875 0.753125 0.046875 0.04765625
0 0.83046875 0.80546875 0.07734375 0.02109375
0 0.99375 0.95625 0.0125 0.03515625
0 0.65078125 0.75546875 0.02578125 0.053125
0 0.53359375 0.79140625 0.06640625 0.0484375