0 0.021875 0.4515625 0.04375 0.06875
0 0.22734375 0.43984375 0.221875 0.0671875
0 0.49453125 0.47265625 0.2703125 0.140625
0 0.715625 0.2375 0.028125 0.0109375
0 0.63984375 0.646875 0.08125 0.021875
0 0.67890625 0.771875 0.0671875 0.0375
0 0.61328125 0.778125 0.0265625 0.0203125
0 0.63046875 0.86171875 0.028125 0.1390625
0 0.6046875 0.94453125 0.0484375 0.0421875
0 0.6328125 0.71015625 0.03125 0.0828125
0 0.66015625 0.9421875 0.0484375 0.0234375
0 0.59609375 0.73671875 0.015625 0.0453125
0 0.64140625 0.765625 0.015625 0.040625
0 0.07578125 0.403125 0.046875 0.05625
0 0.64453125 0.40390625 0.03125 0.0125
0 0.72734375 0.41484375 0.0640625 0.0265625
0 0.75 0.43046875 0.034375 0.0140625
0 0.74765625 0.39765625 0.0828125 0.03125
0 0.81640625 0.3921875 0.028125 0.0078125
0 0.8 0.403125 0.0125 0.0078125
0 0.8375 0.33046875 0.0140625 0.021875
0 0.7375 0.70625 0.021875 0.0453125
0 0.7359375 0.765625 0.0078125 0.015625