0 0.46171875 0.7640625 0.153125 0.19140625
0 0.46015625 0.8859375 0.0921875 0.08515625
0 0.559375 0.478125 0.08359375 0.28125
0 0.70703125 0.046875 0.0359375 0.0515625
0 0.68046875 0.07578125 0.01171875 0.03203125
0 0.55 0.5640625 0.078125 0.1265625
0 0.69921875 0.4953125 0.0734375 0.053125
0 0.625 0.66953125 0.07421875 0.0875
0 0.69765625 0.725 0.0265625 0.0234375
0 0.4875 0.9359375 0.015625 0.04453125
0 0.515625 0.96328125 0.0375 0.0734375
0 0.13359375 0.71171875 0.265625 0.1921875
0 0.26171875 0.83671875 0.1328125 0.06796875