0 0.5484375 0.34453125 0.04921875 0.3234375
0 0.0484375 0.759375 0.03515625 0.1609375
0 0.38125 0.61015625 0.3890625 0.075
0 0.6875 0.6203125 0.23984375 0.14765625
0 0.95390625 0.503125 0.0890625 0.0484375
0 0.66484375 0.528125 0.14296875 0.02578125
0 0.60859375 0.46171875 0.02578125 0.1140625
0 0.86953125 0.6390625 0.12578125 0.03671875
0 0.584375 0.6921875 0.0171875 0.12578125
0 0.56484375 0.70625 0.0296875 0.0671875
0 0.49453125 0.9359375 0.01328125 0.0390625
0 0.115625 0.66796875 0.2296875 0.04453125