0 0.409375 0.72265625 0.1828125 0.184375
0 0.20703125 0.353125 0.1125 0.0859375
0 0.359375 0.43828125 0.2125 0.096875
0 0.62890625 0.75078125 0.1921875 0.08125
0 0.66484375 0.6203125 0.1328125 0.1453125
0 0.7515625 0.85390625 0.0875 0.103125
0 0.7890625 0.10234375 0.13125 0.090625
0 0.28203125 0.3484375 0.04375 0.04375
0 0.29140625 0.74140625 0.0453125 0.040625
0 0.2 0.48515625 0.1203125 0.0921875
0 0.33046875 0.38671875 0.0296875 0.0109375
0 0.49140625 0.48671875 0.0421875 0.0234375
0 0.7109375 0.71015625 0.0328125 0.04375
0 0.70625 0.8109375 0.1359375 0.05
0 0.58828125 0.66328125 0.0234375 0.015625
0 0.53203125 0.5109375 0.0234375 0.0125
0 0.57890625 0.55859375 0.0390625 0.0359375
0 0.53203125 0.65390625 0.0546875 0.021875
0 0.22265625 0.70859375 0.0171875 0.0453125
0 0.575 0.2328125 0.0234375 0.021875