0 0.39375 0.73203125 0.2 0.096875
0 0.509375 0.73046875 0.06875 0.10625
0 0.590625 0.78515625 0.11171875 0.0203125
0 0.3765625 0.77890625 0.028125 0.0484375
0 0.24921875 0.7453125 0.12265625 0.0578125
0 0.475 0.40234375 0.17265625 0.10078125
0 0.303125 0.43828125 0.1890625 0.0328125
0 0.2171875 0.2484375 0.08359375 0.0375
0 0.58515625 0.4515625 0.05078125 0.075
0 0.59609375 0.5171875 0.034375 0.06328125
0 0.57265625 0.60390625 0.03984375 0.08515625
0 0.65625 0.7265625 0.03046875 0.09609375
0 0.5890625 0.98203125 0.01328125 0.0359375
0 0.45 0.29765625 0.11015625 0.0109375
0 0.44609375 0.57421875 0.128125 0.2375