0 0.61875 0.39375 0.1265625 0.03828125
0 0.19296875 0.69453125 0.0578125 0.06796875
0 0.178125 0.4140625 0.01796875 0.05234375
0 0.42578125 0.48828125 0.16875 0.10078125
0 0.853125 0.578125 0.171875 0.17109375
0 0.2875 0.62421875 0.04921875 0.05234375
0 0.13828125 0.26328125 0.028125 0.05078125
0 0.79609375 0.29765625 0.025 0.034375
0 0.24140625 0.396875 0.08671875 0.01640625
0 0.9515625 0.6921875 0.09375 0.03984375
0 0.8609375 0.30234375 0.046875 0.0328125
0 0.2109375 0.8765625 0.01796875 0.0484375
0 0.52578125 0.87265625 0.01796875 0.04375
0 0.45 0.17421875 0.08828125 0.084375
0 0.9296875 0.59453125 0.01875 0.04765625