0 0.5609375 0.15078125 0.21328125 0.3015625
0 0.3109375 0.5125 0.15 0.70546875
0 0.56484375 0.96015625 0.128125 0.0796875
0 0.2 0.696875 0.078125 0.26875
0 0.17578125 0.9140625 0.06484375 0.16484375
0 0.1953125 0.40234375 0.09453125 0.29140625
0 0.09296875 0.4921875 0.0734375 0.0375
0 0.03046875 0.71640625 0.0453125 0.11484375
0 0.44453125 0.8109375 0.0375 0.115625
0 0.3796875 0.90859375 0.08359375 0.1828125
0 0.28203125 0.91328125 0.025 0.0671875
0 0.70859375 0.74140625 0.14609375 0.2625
0 0.54453125 0.834375 0.05546875 0.0640625