0 0.17890625 0.24453125 0.309375 0.08671875
0 0.540625 0.27890625 0.91796875 0.07421875
0 0.4484375 0.4390625 0.72109375 0.1171875
0 0.3109375 0.5046875 0.084375 0.05
0 0.0875 0.55625 0.1625 0.040625
0 0.33984375 0.56796875 0.390625 0.04765625
0 0.76015625 0.5703125 0.4625 0.03671875
0 0.103125 0.0828125 0.16796875 0.03671875
0 0.29453125 0.6046875 0.1921875 0.021875
0 0.5890625 0.65625 0.265625 0.05390625
0 0.86796875 0.61484375 0.25859375 0.0296875
0 0.7453125 0.646875 0.0453125 0.05703125
0 0.9078125 0.7359375 0.17265625 0.03046875
0 0.56953125 0.7125 0.0765625 0.08828125
0 0.49296875 0.77109375 0.07890625 0.0359375
0 0.5953125 0.7703125 0.07890625 0.0375
0 0.821875 0.803125 0.27890625 0.034375
0 0.02109375 0.39375 0.0421875 0.06171875
0 0.16015625 0.340625 0.03125 0.05703125
0 0.15390625 0.384375 0.03125 0.0328125
0 0.6265625 0.34765625 0.07109375 0.05078125
0 0.56953125 0.36484375 0.02265625 0.0359375
0 0.87109375 0.34453125 0.2578125 0.0640625
0 0.83671875 0.3953125 0.08203125 0.05390625
0 0.91953125 0.43125 0.1265625 0.03828125
0 0.70859375 0.5265625 0.19296875 0.015625
0 0.0375 0.48125 0.046875 0.03828125
0 0.0796875 0.61484375 0.11328125 0.0140625
0 0.153125 0.628125 0.0890625 0.0375
0 0.23984375 0.5171875 0.0609375 0.01796875
0 0.078125 0.51484375 0.01953125 0.05625