0 0.93359375 0.57265625 0.1328125 0.0234375
0 0.7828125 0.53828125 0.11875 0.05
0 0.4421875 0.48828125 0.521875 0.084375
0 0.7234375 0.37890625 0.034375 0.0546875
0 0.64609375 0.28984375 0.05625 0.046875
0 0.68125 0.20859375 0.1078125 0.13125
0 0.04296875 0.190625 0.075 0.1375
0 0.2203125 0.17109375 0.096875 0.021875
0 0.15 0.43203125 0.0734375 0.0328125
0 0.1234375 0.03671875 0.0390625 0.0703125
0 0.31484375 0.07109375 0.0328125 0.08125
0 0.159375 0.6578125 0.05 0.1625
0 0.52578125 0.3203125 0.0296875 0.1046875