0 0.64609375 0.62421875 0.06875 0.75
0 0.1859375 0.4234375 0.0109375 0.0609375
0 0.21640625 0.79296875 0.01328125 0.09921875
0 0.19453125 0.5 0.0171875 0.08203125
0 0.20625 0.56484375 0.00859375 0.07578125
0 0.28359375 0.60546875 0.1 0.0515625
0 0.165625 0.659375 0.10546875 0.03984375
0 0.2078125 0.703125 0.009375 0.10859375
0 0.2171875 0.92578125 0.02109375 0.1484375
0 0.25625 0.784375 0.0671875 0.0578125
0 0.40390625 0.6828125 0.18828125 0.13671875
0 0.5578125 0.9515625 0.084375 0.0546875
0 0.06328125 0.67890625 0.12265625 0.040625
0 0.028125 0.51328125 0.00546875 0.04140625
0 0.1671875 0.37890625 0.01015625 0.125
0 0.121875 0.33203125 0.04921875 0.0375
0 0.40234375 0.32890625 0.0125 0.1265625
0 0.36171875 0.4359375 0.0671875 0.059375