0 0.709375 0.575 0.096875 0.1328125
0 0.60703125 0.45625 0.13125 0.13125
0 0.45234375 0.3484375 0.20625 0.178125
0 0.1921875 0.3078125 0.146875 0.0765625
0 0.11484375 0.36953125 0.05 0.0328125
0 0.44140625 0.57734375 0.040625 0.084375
0 0.4640625 0.565625 0.034375 0.05625
0 0.89296875 0.56640625 0.2125 0.040625
0 0.7984375 0.56015625 0.1 0.025
0 0.60234375 0.55 0.05 0.0703125
0 0.8765625 0.340625 0.084375 0.078125
0 0.17734375 0.20390625 0.071875 0.015625
0 0.09453125 0.1640625 0.053125 0.065625
0 0.5671875 0.31640625 0.01875 0.040625
0 0.0671875 0.12265625 0.134375 0.0296875
0 0.23359375 0.171875 0.18125 0.125