0 0.7484375 0.42109375 0.1109375 0.2109375
0 0.73984375 0.540625 0.1140625 0.078125
0 0.7921875 0.628125 0.028125 0.1171875
0 0.79765625 0.40625 0.0515625 0.03125
0 0.76953125 0.27265625 0.065625 0.13125
0 0.40234375 0.48671875 0.1140625 0.1828125
0 0.44921875 0.3109375 0.0453125 0.1984375
0 0.25625 0.2125 0.04375 0.0890625
0 0.44765625 0.6046875 0.08125 0.0578125
0 0.51484375 0.61875 0.0671875 0.0390625
0 0.60625 0.59921875 0.0890625 0.0453125
0 0.72734375 0.69296875 0.1015625 0.0359375
0 0.98515625 0.6359375 0.0171875 0.015625
0 0.2953125 0.45546875 0.01875 0.1140625
0 0.58125 0.46640625 0.253125 0.1453125