0 0.63671875 0.715625 0.2109375 0.1140625
0 0.51796875 0.72265625 0.078125 0.1140625
0 0.43828125 0.784375 0.1171875 0.0296875
0 0.6578125 0.76328125 0.03125 0.0515625
0 0.78515625 0.71875 0.128125 0.0671875
0 0.53046875 0.384375 0.184375 0.115625
0 0.70859375 0.409375 0.1953125 0.0484375
0 0.78203125 0.20859375 0.0890625 0.04375
0 0.4203125 0.44296875 0.0578125 0.0796875
0 0.41484375 0.51171875 0.040625 0.06875
0 0.44453125 0.5984375 0.046875 0.090625
0 0.3671875 0.7296875 0.0375 0.1
0 0.45390625 0.9828125 0.0171875 0.034375
0 0.54765625 0.27578125 0.1125 0.01875
0 0.57109375 0.55859375 0.1484375 0.2515625