0 0.62890625 0.403125 0.13125 0.0484375
0 0.1765625 0.6671875 0.0640625 0.0734375
0 0.1859375 0.384375 0.0234375 0.0546875
0 0.428125 0.48125 0.1765625 0.115625
0 0.84765625 0.6078125 0.1859375 0.1859375
0 0.27734375 0.6046875 0.0546875 0.0578125
0 0.15859375 0.23125 0.0328125 0.0515625
0 0.815625 0.321875 0.028125 0.0359375
0 0.2515625 0.37421875 0.0890625 0.0234375
0 0.93515625 0.73125 0.0953125 0.0484375
0 0.88046875 0.3328125 0.05 0.0375
0 0.178125 0.8515625 0.0234375 0.0515625
0 0.49453125 0.875 0.021875 0.0453125
0 0.4796875 0.16875 0.0953125 0.0921875
0 0.9234375 0.63203125 0.0234375 0.0484375