0 0.29140625 0.340625 0.146875 0.16328125
0 0.33125 0.51875 0.0859375 0.225
0 0.496875 0.26796875 0.046875 0.09921875
0 0.46796875 0.47265625 0.0796875 0.34296875
0 0.42421875 0.6984375 0.0734375 0.134375
0 0.4515625 0.803125 0.08984375 0.1
0 0.36875 0.8046875 0.0828125 0.09375
0 0.6390625 0.21328125 0.14453125 0.21484375
0 0.2578125 0.503125 0.07421875 0.0484375
0 0.19765625 0.47734375 0.0578125 0.01796875
0 0.628125 0.35 0.1015625 0.0609375
0 0.56015625 0.7828125 0.096875 0.15
0 0.63203125 0.921875 0.0765625 0.1515625
0 0.70546875 0.9515625 0.06640625 0.025
0 0.328125 0.7078125 0.059375 0.165625
0 0.30703125 0.81796875 0.02421875 0.059375
0 0.2796875 0.90625 0.0671875 0.12890625
0 0.271875 0.98046875 0.03046875 0.0390625
0 0.23359375 0.61484375 0.059375 0.0359375
0 0.25859375 0.65390625 0.01171875 0.0546875
0 0.16171875 0.71484375 0.04453125 0.0875
0 0.19296875 0.815625 0.01328125 0.08984375
0 0.26171875 0.734375 0.0328125 0.0625