0 0.19453125 0.921875 0.10078125 0.0609375
0 0.9125 0.83515625 0.16875 0.06171875
0 0.8953125 0.896875 0.13125 0.04296875
0 0.275 0.71796875 0.03828125 0.22109375
0 0.13515625 0.5171875 0.13671875 0.1046875
0 0.03671875 0.58046875 0.0734375 0.05078125
0 0.27265625 0.47734375 0.0671875 0.06015625
0 0.77109375 0.3671875 0.1359375 0.115625
0 0.35 0.375 0.11484375 0.0734375
0 0.55546875 0.225 0.2125 0.1203125
0 0.58984375 0.59453125 0.03359375 0.0796875
0 0.475 0.96484375 0.03984375 0.0578125
0 0.11640625 0.96484375 0.05078125 0.034375