0 0.33984375 0.5375 0.171875 0.11875
0 0.503125 0.4109375 0.253125 0.1640625
0 0.67265625 0.43828125 0.153125 0.134375
0 0.7828125 0.3734375 0.13125 0.1984375
0 0.17265625 0.9328125 0.0609375 0.075
0 0.19453125 0.5859375 0.109375 0.0796875
0 0.2203125 0.465625 0.0671875 0.0296875
0 0.44921875 0.503125 0.0734375 0.0625
0 0.52109375 0.34921875 0.075 0.0515625
0 0.6921875 0.303125 0.046875 0.04375
0 0.7421875 0.2890625 0.0328125 0.021875
0 0.92890625 0.29375 0.053125 0.0265625
0 0.1546875 0.71484375 0.0640625 0.171875
0 0.16484375 0.50703125 0.0453125 0.115625