0 0.23359375 0.4265625 0.1828125 0.2015625
0 0.275 0.578125 0.0546875 0.0734375
0 0.20234375 0.80078125 0.059375 0.1078125
0 0.2984375 0.69140625 0.0515625 0.0828125
0 0.784375 0.6125 0.0796875 0.1265625
0 0.45625 0.2140625 0.0484375 0.125
0 0.4515625 0.3234375 0.05 0.109375
0 0.1734375 0.3046875 0.0390625 0.0453125
0 0.25 0.6921875 0.05 0.159375
0 0.3375 0.7109375 0.028125 0.025
0 0.34765625 0.57890625 0.009375 0.0203125
0 0.23671875 0.8140625 0.0875 0.071875
0 0.36875 0.60234375 0.05 0.0375
0 0.4890625 0.25078125 0.0203125 0.0234375