0 0.33203125 0.2765625 0.1734375 0.1578125
0 0.51875 0.31171875 0.2359375 0.0984375
0 0.2640625 0.49296875 0.1046875 0.053125
0 0.47578125 0.4546875 0.359375 0.0953125
0 0.7078125 0.4015625 0.1421875 0.0796875
0 0.8171875 0.4265625 0.10625 0.096875
0 0.81640625 0.340625 0.1 0.0890625
0 0.21328125 0.64140625 0.2265625 0.1578125
0 0.49921875 0.2359375 0.053125 0.0796875
0 0.4703125 0.175 0.0203125 0.059375
0 0.35390625 0.62578125 0.065625 0.1078125
0 0.8 0.53984375 0.159375 0.1046875
0 0.9328125 0.609375 0.134375 0.084375
0 0.98125 0.684375 0.028125 0.0703125
0 0.71328125 0.30078125 0.1734375 0.06875
0 0.8265625 0.27578125 0.0625 0.0265625
0 0.91796875 0.24375 0.1359375 0.0734375
0 0.98203125 0.23359375 0.0171875 0.03125
0 0.6140625 0.20703125 0.0390625 0.0625
0 0.65546875 0.23203125 0.05625 0.0140625
0 0.715625 0.12890625 0.0921875 0.05
0 0.82109375 0.15703125 0.09375 0.0171875
0 0.7390625 0.23203125 0.0671875 0.0359375