0 0.6 0.7 0.38671875 0.234375
0 0.87734375 0.1421875 0.2453125 0.20625
0 0.3578125 0.8296875 0.040625 0.10859375
0 0.3671875 0.9578125 0.115625 0.084375
0 0.47109375 0.91171875 0.08515625 0.053125
0 0.21875 0.9359375 0.059375 0.0921875
0 0.21171875 0.67890625 0.0171875 0.05390625
0 0.18359375 0.78359375 0.02890625 0.1421875
0 0.88046875 0.5 0.096875 0.140625
0 0.8828125 0.03046875 0.090625 0.04921875
0 0.82109375 0.06171875 0.06484375 0.075
0 0.8234375 0.35078125 0.0375 0.10859375
0 0.50546875 0.459375 0.040625 0.07265625