0 0.58984375 0.9875 0.0125 0.01875
0 0.5671875 0.93671875 0.0234375 0.0671875
0 0.6125 0.85546875 0.071875 0.0171875
0 0.54765625 0.76484375 0.0375 0.2484375
0 0.71328125 0.8125 0.0390625 0.0390625
0 0.7609375 0.765625 0.06875 0.0515625
0 0.6796875 0.65 0.0453125 0.040625
0 0.61875 0.6890625 0.034375 0.096875
0 0.74921875 0.5953125 0.028125 0.0171875
0 0.425 0.66484375 0.009375 0.01875
0 0.75 0.54375 0.0453125 0.0546875
0 0.725 0.4984375 0.0078125 0.025
0 0.625 0.421875 0.0234375 0.140625
0 0.6015625 0.3671875 0.0109375 0.0203125
0 0.75703125 0.7078125 0.0109375 0.0203125
0 0.259375 0.390625 0.0296875 0.0296875
0 0.65234375 0.3296875 0.028125 0.065625
0 0.390625 0.6171875 0.0859375 0.0640625
0 0.64375 0.553125 0.009375 0.028125
0 0.74296875 0.17578125 0.1015625 0.04375
0 0.1734375 0.7203125 0.0390625 0.0171875
0 0.43046875 0.709375 0.046875 0.01875
0 0.13046875 0.87421875 0.0171875 0.021875
0 0.0296875 0.74140625 0.01875 0.025
0 0.55625 0.60703125 0.0328125 0.04375
0 0.65546875 0.515625 0.0359375 0.0359375
0 0.56953125 0.56640625 0.0296875 0.0375
0 0.66015625 0.6234375 0.0125 0.01875
0 0.49609375 0.715625 0.01875 0.015625
0 0.2765625 0.71328125 0.053125 0.0171875
0 0.453125 0.63515625 0.0390625 0.0234375
0 0.02890625 0.60546875 0.0359375 0.0375
0 0.184375 0.30703125 0.0390625 0.0265625