0 0.49609375 0.15546875 0.075 0.2625
0 0.4265625 0.053125 0.078125 0.021875
0 0.29921875 0.1 0.0734375 0.071875
0 0.246875 0.365625 0.0390625 0.05
0 0.3984375 0.22421875 0.046875 0.1125
0 0.3296875 0.26171875 0.0515625 0.0453125
0 0.6375 0.3171875 0.1046875 0.103125
0 0.35859375 0.51015625 0.0375 0.1515625
0 0.7515625 0.59140625 0.0375 0.0375
0 0.20703125 0.76328125 0.10625 0.05
0 0.165625 0.871875 0.04375 0.03125
0 0.246875 0.3125 0.0328125 0.0203125
0 0.92890625 0.2625 0.1421875 0.059375
0 0.6 0.2265625 0.05625 0.021875
0 0.72421875 0.24140625 0.125 0.0296875
0 0.45859375 0.32265625 0.0390625 0.0515625
0 0.34609375 0.2921875 0.015625 0.0265625