0 0.6015625 0.09296875 0.0328125 0.18515625
0 0.55078125 0.16640625 0.02265625 0.1203125
0 0.5453125 0.0078125 0.04765625 0.015625
0 0.56484375 0.43984375 0.0453125 0.12734375
0 0.24296875 0.696875 0.0546875 0.29609375
0 0.06328125 0.60703125 0.015625 0.08046875
0 0.2171875 0.44921875 0.07734375 0.0234375
0 0.43125 0.2984375 0.04296875 0.07109375
0 0.25234375 0.2546875 0.04765625 0.11875
0 0.2515625 0.3328125 0.0375 0.06796875
0 0.13671875 0.2296875 0.06015625 0.209375
0 0.0921875 0.334375 0.01875 0.05859375
0 0.19453125 0.06484375 0.02578125 0.05546875
0 0.3703125 0.059375 0.04453125 0.02890625
0 0.265625 0.14453125 0.04375 0.0375
0 0.2171875 0.0390625 0.0125 0.034375
0 0.321875 0.078125 0.01953125 0.02265625
0 0.38203125 0.134375 0.01171875 0.03359375
0 0.48984375 0.20234375 0.0140625 0.03671875
0 0.321875 0.18671875 0.021875 0.0453125
0 0.38359375 0.21796875 0.0140625 0.0640625
0 0.4484375 0.16875 0.03671875 0.0171875
0 0.35078125 0.11953125 0.00859375 0.0375
0 0.25625 0.01953125 0.015625 0.0359375
0 0.32109375 0.3859375 0.01640625 0.0328125
0 0.28984375 0.471875 0.03515625 0.0109375
0 0.23828125 0.49765625 0.0203125 0.0515625
0 0.253125 0.54140625 0.0453125 0.01171875
0 0.48828125 0.63203125 0.08203125 0.02265625
0 0.50703125 0.66328125 0.0359375 0.02421875
0 0.56875 0.828125 0.06015625 0.03671875
0 0.6625 0.86328125 0.03515625 0.03203125
0 0.7234375 0.2359375 0.00859375 0.01328125
0 0.7265625 0.2609375 0.02265625 0.0265625
0 0.784375 0.30703125 0.04140625 0.01875
0 0.684375 0.184375 0.06015625 0.01796875
0 0.915625 0.2125 0.03828125 0.0296875
0 0.98046875 0.2515625 0.0390625 0.02421875
0 0.890625 0.4921875 0.0296875 0.025
0 0.50078125 0.2328125 0.01328125 0.02109375