0 0.534375 0.88828125 0.359375 0.2234375
0 0.7984375 0.73125 0.1640625 0.1046875
0 0.5515625 0.9515625 0.05625 0.096875
0 0.27578125 0.871875 0.1140625 0.25625
0 0.06640625 0.503125 0.1328125 0.38125
0 0.32109375 0.3984375 0.09375 0.034375
0 0.0921875 0.0734375 0.06875 0.028125
0 0.03046875 0.04765625 0.0609375 0.034375
0 0.3734375 0.21796875 0.196875 0.09375
0 0.56171875 0.6359375 0.065625 0.0375
0 0.46640625 0.68359375 0.11875 0.025
0 0.40625 0.7328125 0.1375 0.0296875
0 0.18203125 0.696875 0.059375 0.021875
0 0.77109375 0.8234375 0.096875 0.1