0 0.91171875 0.578125 0.1765625 0.040625
0 0.84296875 0.528125 0.1234375 0.028125
0 0.5625 0.5515625 0.1328125 0.0515625
0 0.2875 0.23125 0.3046875 0.0671875
0 0.3734375 0.04296875 0.0828125 0.01875
0 0.540625 0.19609375 0.028125 0.08125
0 0.70390625 0.41015625 0.075 0.046875
0 0.7421875 0.22421875 0.1234375 0.0546875
0 0.66171875 0.22734375 0.071875 0.040625
0 0.7640625 0.10546875 0.2171875 0.0703125
0 0.6546875 0.06328125 0.059375 0.0203125
0 0.934375 0.15859375 0.0578125 0.028125
0 0.94609375 0.3390625 0.0296875 0.0484375
0 0.85546875 0.234375 0.0390625 0.0453125
0 0.9609375 0.18125 0.0359375 0.0140625
0 0.92578125 0.28984375 0.0234375 0.021875
0 0.8703125 0.35234375 0.034375 0.0140625
0 0.8046875 0.465625 0.0375 0.0171875
0 0.8140625 0.29375 0.046875 0.0234375
0 0.784375 0.3578125 0.065625 0.015625
0 0.83671875 0.42265625 0.01875 0.0375
0 0.88359375 0.32109375 0.0375 0.0109375
0 0.978125 0.21875 0.025 0.0171875
0 0.609375 0.3 0.034375 0.01875
0 0.5203125 0.27109375 0.0125 0.0375
0 0.4921875 0.21875 0.053125 0.0234375
0 0.44765625 0.2359375 0.0140625 0.046875
0 0.3625 0.48046875 0.0265625 0.084375
0 0.33203125 0.5015625 0.0265625 0.0390625
0 0.16484375 0.56953125 0.0390625 0.0640625
0 0.13203125 0.66796875 0.034375 0.0390625
0 0.77734375 0.70703125 0.0125 0.009375
0 0.75234375 0.71171875 0.0296875 0.025
0 0.70703125 0.771875 0.0203125 0.0421875
0 0.8296875 0.66484375 0.0203125 0.0625
0 0.80859375 0.90390625 0.0328125 0.040625
0 0.77109375 0.97109375 0.0265625 0.040625
0 0.52109375 0.8875 0.0265625 0.0328125
0 0.77265625 0.47890625 0.021875 0.0125