0 0.0109375 0.3890625 0.00625 0.0125
0 0.05703125 0.41640625 0.075 0.0328125
0 0.1484375 0.37421875 0.0234375 0.0796875
0 0.2421875 0.45078125 0.2703125 0.059375
0 0.203125 0.26796875 0.046875 0.0453125
0 0.2578125 0.2203125 0.0609375 0.0765625
0 0.3765625 0.31640625 0.046875 0.0515625
0 0.3296875 0.3796875 0.10625 0.0453125
0 0.44140625 0.24453125 0.021875 0.0328125
0 0.34140625 0.590625 0.0203125 0.0125
0 0.4984375 0.2484375 0.0625 0.053125
0 0.5453125 0.27890625 0.028125 0.009375
0 0.61953125 0.39375 0.1546875 0.0359375
0 0.678125 0.42265625 0.0234375 0.0140625
0 0.3203125 0.228125 0.0234375 0.0140625
0 0.62734375 0.79296875 0.034375 0.034375
0 0.72265625 0.37109375 0.071875 0.0359375
0 0.390625 0.63203125 0.075 0.0984375
0 0.4796875 0.3625 0.0328125 0.0125
0 0.896875 0.284375 0.05625 0.1125
0 0.2625 0.8609375 0.021875 0.04375
0 0.29296875 0.5828125 0.0234375 0.0515625
0 0.0921875 0.89453125 0.0234375 0.0203125
0 0.415625 0.45390625 0.05 0.0390625
0 0.521875 0.353125 0.040625 0.040625
0 0.459375 0.4421875 0.0421875 0.034375
0 0.4046875 0.33984375 0.0234375 0.015625
0 0.2921875 0.5109375 0.01875 0.0234375
0 0.278125 0.7484375 0.0234375 0.0609375
0 0.37578125 0.56328125 0.028125 0.0453125
0 0.7125 0.8796875 0.03125 0.04375