0 0.85078125 0.44921875 0.26953125 0.32265625
0 0.67578125 0.21171875 0.09453125 0.14765625
0 0.88515625 0.43359375 0.1109375 0.05078125
0 0.82890625 0.68125 0.28359375 0.10234375
0 0.4703125 0.89375 0.3421875 0.1671875
0 0.37578125 0.640625 0.03125 0.08359375
0 0.08359375 0.84609375 0.02421875 0.0609375
0 0.06015625 0.934375 0.03125 0.11875
0 0.21328125 0.59375 0.084375 0.1765625
0 0.5890625 0.42421875 0.034375 0.0578125
0 0.6328125 0.51015625 0.0234375 0.10703125
0 0.6765625 0.5640625 0.0265625 0.1234375
0 0.64453125 0.765625 0.01953125 0.05234375
0 0.7578125 0.2359375 0.08984375 0.08671875
0 0.95625 0.1828125 0.0671875 0.046875