0 0.9125 0.6265625 0.15625 0.0515625
0 0.8625 0.5671875 0.128125 0.0359375
0 0.5734375 0.55234375 0.1390625 0.0609375
0 0.33984375 0.1859375 0.3171875 0.090625
0 0.45234375 0.01015625 0.0859375 0.0203125
0 0.603125 0.18671875 0.0328125 0.0828125
0 0.73671875 0.42734375 0.0796875 0.053125
0 0.80234375 0.24453125 0.1296875 0.0625
0 0.72109375 0.2359375 0.075 0.046875
0 0.84140625 0.1265625 0.2265625 0.0859375
0 0.73671875 0.06796875 0.0640625 0.0265625
0 0.98828125 0.20546875 0.0234375 0.0328125
0 0.98828125 0.3890625 0.0234375 0.05
0 0.9171875 0.2703125 0.0453125 0.0515625
0 0.9796875 0.3375 0.0265625 0.025
0 0.9140625 0.39375 0.0359375 0.015625
0 0.83125 0.49921875 0.0390625 0.01875
0 0.86640625 0.325 0.0484375 0.028125
0 0.82578125 0.38671875 0.0703125 0.021875
0 0.87109375 0.459375 0.021875 0.0390625
0 0.9328125 0.3625 0.0390625 0.0140625
0 0.6578125 0.30234375 0.0359375 0.0203125
0 0.57109375 0.2609375 0.015625 0.0390625
0 0.54921875 0.20390625 0.05625 0.028125
0 0.5015625 0.2140625 0.0171875 0.0484375
0 0.38046875 0.45078125 0.034375 0.0890625
0 0.34609375 0.4671875 0.028125 0.040625
0 0.16640625 0.5125 0.04375 0.065625
0 0.11875 0.6078125 0.0375 0.040625
0 0.7703125 0.740625 0.015625 0.0109375
0 0.74296875 0.74140625 0.03125 0.028125
0 0.6890625 0.79609375 0.0234375 0.0453125
0 0.828125 0.7046875 0.025 0.065625
0 0.7734375 0.9453125 0.0359375 0.04375
0 0.725 0.99296875 0.028125 0.0140625
0 0.4828125 0.8875 0.0296875 0.034375
0 0.79765625 0.5078125 0.0234375 0.015625